temperature: 1747.1481211306211
pressure: 1013249.9999999925
X:
  "H": 2.0857058775352742e-05
  "H2": 0.006856020088937763
  "H2NN": 5.496844511734858e-06
  "H2NO": 7.582790833318073e-05
  "H2O": 0.126125436239671
  "H2O2": 1.1992725882670445e-06
  "HNO": 2.6408506308746348e-05
  "HNO2": 5.762620913302074e-09
  "HNOH": 1.1653404724943118e-05
  "HO2": 3.5882427145148265e-05
  "HONO": 4.0039578082088716e-07
  "HONO2": 7.563521131057671e-11
  "N": 2.8112553057532533e-07
  "N2": 0.6432789577989579
  "N2H2": 0.0002905281012449511
  "N2H3": 3.97490300830057e-06
  "N2H4": 1.755289951834983e-05
  "N2O": 0.0022134108453691994
  "NH": 3.2857124036627704e-05
  "NH2": 0.0012035054083489808
  "NH2OH": 4.818095095373454e-06
  "NH3": 0.12358317533188114
  "NNH": 1.325554678209352e-07
  "NO": 0.0008480023552023794
  "NO2": 2.8205271749220682e-05
  "NO3": 9.286246580195553e-11
  "O": 1.1687627103093105e-05
  "O2": 0.09529366968559137
  "OH": 3.005279399895308e-05
  "AR": 0.0
  "HE": 0.0
