temperature: 2603.470164669573
pressure: 1013249.9999999925
X:
  "H": 0.0014795041492576373
  "H2": 0.014439360647320702
  "H2NN": 7.615772211595428e-14
  "H2NO": 5.139504215828721e-10
  "H2O": 0.2889046123401663
  "H2O2": 5.134702207554448e-07
  "HNO": 4.3372781721669795e-07
  "HNO2": 2.2192883403976296e-09
  "HNOH": 2.0180261391891183e-10
  "HO2": 3.0066551897001912e-06
  "HONO": 1.4731988008593728e-07
  "HONO2": 9.337451315126105e-12
  "N": 1.9138552287480033e-07
  "N2": 0.6799893285227501
  "N2H2": 6.662169393753237e-12
  "N2H3": 2.76419754199386e-15
  "N2H4": 1.3499811740549463e-16
  "N2O": 5.578802830889371e-07
  "NH": 6.962811664591983e-08
  "NH2": 5.9535946851438174e-08
  "NH2OH": 3.305473222156955e-11
  "NH3": 1.3239449552697767e-07
  "NNH": 2.8217928182737e-08
  "NO": 0.0034062366618164584
  "NO2": 1.1623492256491021e-06
  "NO3": 1.1419295823266579e-12
  "O": 0.0004578932857806787
  "O2": 0.0037657087971238595
  "OH": 0.007551050045840958
  "AR": 0.0
  "HE": 0.0
