temperature: 2097.5821457851803
pressure: 101324.99999998999
X:
  "C": 1.162079515566433e-15
  "C2": 5.517322899522025e-18
  "C2C4H8": 0.0
  "C2H": 3.85128554823896e-16
  "C2H2": 0.0
  "C2H3": 1.7969820366074127e-16
  "C2H3O": 0.0
  "C2H4": 0.0
  "C2H4O": 0.0
  "C2H5": 1.7481845766259566e-21
  "C2H5CHO": 0.0
  "C2H5CO": 1.7731081218983677e-28
  "C2H5O": 3.854814055304879e-25
  "C2H5O2": 0.0
  "C2H5O2H": 1.3755442918208957e-28
  "C2H5OH": 6.031226839141028e-22
  "C2H6": 0.0
  "C2N2": 1.4456419509991891e-21
  "C2O": 0.0
  "C3H2": 5.688238820354184e-20
  "C3H3": 2.9714296034635706e-15
  "C3H4": 0.0
  "C3H5": 0.0
  "C3H5O": 0.0
  "C3H5O2": 0.0
  "C3H5O2H": 0.0
  "C3H6": 2.453194133283718e-20
  "C3H6O": 0.0
  "C3H6OH": 0.0
  "C3H8": 1.2196004814217888e-25
  "C4H": 0.0
  "C4H2": 0.0
  "C4H4": 0.0
  "C4H6": 0.0
  "C4H8": 0.0
  "C6H5": 0.0
  "C6H5O": 0.0
  "C6H6": 0.0
  "CH": 1.321433097774075e-15
  "CH2": 2.4181441321889446e-15
  "CH2CHOW": 0.0
  "CH2CO": 0.0
  "CH2HCO": 2.7190305419277175e-20
  "CH2O": 2.52717157807106e-10
  "CH2OH": 1.973217950233987e-14
  "CH3": 2.1422765387886545e-14
  "CH3CHO": 1.0833898937242672e-17
  "CH3CO": 2.701125904009664e-20
  "CH3CO2": 0.0
  "CH3CO2H": 0.0
  "CH3CO3": 5.124048548154476e-27
  "CH3CO3H": 1.289695081481512e-35
  "CH3HCOW": 0.0
  "CH3NO": 6.46879523074285e-23
  "CH3O": 8.004041959700086e-16
  "CH3O2": 4.4430958035607924e-20
  "CH3O2H": 3.6735405303987204e-21
  "CH3OH": 1.190859245666928e-15
  "CH4": 1.766765310559756e-15
  "CN": 5.849000094669289e-13
  "CNN": 1.2786326657542768e-15
  "CO": 0.04902589926012856
  "CO2": 0.06701251430595054
  "H": 0.01694330281117786
  "H2": 0.018961699136986438
  "H2C4O": 0.0
  "H2CN": 8.337941527232633e-16
  "H2CNO": 5.29786699734664e-23
  "H2NO": 4.1796740662451e-13
  "H2O": 0.1392396583299495
  "H2O2": 2.4705844553713635e-06
  "HCCO": 4.48800215418446e-17
  "HCN": 5.672106865485298e-11
  "HCNH": 2.946686702427913e-17
  "HCNN": 5.563817721384323e-19
  "HCNO": 3.191131983682271e-16
  "HCO": 1.5186429659724765e-07
  "HNCN": 1.739352880775553e-18
  "HNCO": 2.0433397741106412e-11
  "HNNO": 1.4777281270041428e-12
  "HNO": 3.2869816052795186e-09
  "HNO3": 2.3419322223528403e-14
  "HNOH": 1.9139230606160467e-13
  "HO2": 4.0404940190936125e-06
  "HOCN": 2.2384717945274652e-13
  "HONO": 1.7151676056865239e-09
  "IC3H7": 0.0
  "IC3H7O": 0.0
  "IC3H7O2": 0.0
  "IC3H7O2H": 0.0
  "IC4H3": 2.8908038249335684e-20
  "IC4H5": 0.0
  "IC4H7": 0.0
  "N": 4.026502340188831e-08
  "N2": 0.6547783726087897
  "N2H2": 4.7265318272994056e-11
  "N2H3": 1.8172784852922266e-13
  "N2H4": 1.6017992062553895e-16
  "N2O": 1.5676914702605338e-07
  "N2O3": 1.559789701759705e-17
  "N2O4": 6.980729293002647e-25
  "NC3H7": 0.0
  "NC3H7O": 0.0
  "NC3H7O2": 0.0
  "NC3H7O2H": 0.0
  "NC4H3": 0.0
  "NC4H5": 0.0
  "NCN": 4.995801916063261e-18
  "NCO": 5.6519385133740845e-12
  "NH": 1.0221862007445555e-08
  "NH2": 5.979069875769713e-10
  "NH2OH": 1.0876808977862308e-12
  "NH3": 1.8643742876667335e-10
  "NNH": 2.7755698009364204e-08
  "NO": 2.092702983536025e-05
  "NO2": 1.6146981578906269e-09
  "NO3": 1.707630187318165e-14
  "O": 0.009450815006520053
  "O2": 0.029799405158231294
  "O2C3H6OH": 0.0
  "OH": 0.014760500609686046
  "PC2H5O": 0.0
  "PC3H4": 0.0
  "SC2H5O": 2.4937436803360804e-23
  "SC3H5": 1.8109577832138103e-22
  "SCH2": 5.798415404100049e-16
  "T2C4H8": 0.0
  "TC3H5": 0.0
  "AR": 0.0
