temperature: 2582.0894271737316
pressure: 101324.99999999882
X:
  "H2": 0.01204917271128712
  "H": 0.003918653141017046
  "O": 0.0025586616710244034
  "O2": 0.01426265218308115
  "OH": 0.012132186873957803
  "H2O": 0.16464203072969635
  "HO2": 3.0088639126458817e-06
  "H2O2": 1.6549055857467855e-07
  "C": 2.139703371250194e-14
  "CH": 2.2957972083922574e-15
  "CH2": 2.3128823869729086e-15
  "CH2(S)": 1.8061244053322276e-16
  "CH3": 3.6640139211673045e-15
  "CH4": 6.427948737605219e-16
  "CO": 0.029508913197376575
  "CO2": 0.06285031056763382
  "HCO": 1.477954076587444e-08
  "CH2O": 1.4435925162168097e-10
  "CH2OH": 1.6547859525595958e-15
  "CH3O": 3.301390915652549e-17
  "CH3OH": 6.029122395915813e-17
  "C2H": 8.702552210255461e-21
  "C2H2": 3.1473927905563913e-19
  "C2H3": 6.976742998815055e-24
  "C2H4": 2.0506226649867355e-24
  "C2H5": 5.19924161106004e-29
  "C2H6": 1.3874437567677096e-30
  "HCCO": 1.1967331803569817e-17
  "CH2CO": 5.2328931033002775e-18
  "HCCOH": 1.4258894777166627e-20
  "N": 5.0513803156227e-07
  "NH": 6.058689575446728e-08
  "NH2": 1.2478277244242552e-08
  "NH3": 1.07531500996757e-08
  "NNH": 8.639079308207079e-09
  "NO": 0.0063595838446368295
  "NO2": 1.3625388931377767e-06
  "N2O": 3.3780541752516284e-07
  "HNO": 2.3594184788224526e-07
  "CN": 7.638566130841398e-12
  "HCN": 4.099373821150405e-10
  "H2CN": 4.944995647297975e-16
  "HCNN": 3.397353240113671e-19
  "HCNO": 5.201771850023535e-15
  "HOCN": 1.4087291225766781e-11
  "HNCO": 2.2745542447549187e-09
  "NCO": 3.279920717120666e-10
  "N2": 0.6917121088860777
  "C3H7": 2.8921963322554236e-43
  "C3H8": 7.576094462016933e-45
  "CH2CHO": 6.338993956068772e-23
  "CH3CHO": 1.3298834082910993e-24
  "AR": 0.0
