temperature: 1752.0054857649493
pressure: 101324.99999999882
X:
  "H2": 0.032749158069775394
  "H": 0.0009834073580578943
  "O": 0.00022559245445373104
  "O2": 0.10070076277506329
  "OH": 0.0006401489801764408
  "H2O": 0.09559511359795404
  "HO2": 0.00020529475969681003
  "H2O2": 5.038952286867263e-06
  "C": 1.371326722023831e-08
  "CH": 4.4063439887496287e-07
  "CH2": 2.4918376753742737e-05
  "CH2(S)": 2.805280936867456e-06
  "CH3": 0.0031585683340061388
  "CH4": 0.018640229677507305
  "CO": 0.052567738439969425
  "CO2": 0.004792558295765734
  "HCO": 3.52852631906203e-05
  "CH2O": 0.0014419272409846797
  "CH2OH": 3.0362944280238213e-06
  "CH3O": 1.0235827992034468e-05
  "CH3OH": 7.874206179085104e-05
  "C2H": 2.817306390599576e-07
  "C2H2": 0.0007169539607574897
  "C2H3": 3.2698400801417985e-05
  "C2H4": 0.002609001307403713
  "C2H5": 4.558080388399115e-05
  "C2H6": 0.0004359669254030144
  "HCCO": 2.964120733394303e-05
  "CH2CO": 0.0010752523707790985
  "HCCOH": 1.8378686479160213e-06
  "N": 4.030317501190178e-09
  "NH": 4.691379760691775e-10
  "NH2": 7.480717885193879e-11
  "NH3": 9.399739145454848e-11
  "NNH": 1.3307578206545766e-09
  "NO": 3.958650147253647e-08
  "NO2": 1.5405702205224735e-10
  "N2O": 3.479543608412439e-08
  "HNO": 1.1504320246673361e-10
  "CN": 2.1402631586142446e-11
  "HCN": 9.273701114737261e-08
  "H2CN": 3.234743726895655e-10
  "HCNN": 5.579751506941367e-10
  "HCNO": 3.3223500554753097e-10
  "HOCN": 5.926758962674732e-11
  "HNCO": 8.670939921751001e-10
  "NCO": 3.381269228685916e-10
  "N2": 0.6831215058628872
  "C3H7": 1.61488776477439e-07
  "C3H8": 3.2847622347756055e-06
  "CH2CHO": 5.217298867272002e-06
  "CH3CHO": 6.14237364861094e-05
  "AR": 0.0
