temperature: 1208.3766366528334
pressure: 5066250.000000096
X:
  "H2": 0.0008514267714043494
  "H": 2.834924445988289e-07
  "O": 7.294379884101583e-08
  "O2": 0.17615378062563852
  "OH": 1.3909186358942369e-06
  "H2O": 0.015673800776073516
  "HO2": 0.00012725710321509362
  "H2O2": 0.000393619398106814
  "C": 1.2544467601472601e-20
  "CH": 2.1562999657102173e-15
  "CH2": 6.307514794979778e-10
  "CH2(S)": 9.289649684858938e-11
  "CH3": 4.5030560327874886e-05
  "CH4": 0.08252516757242412
  "CO": 0.005565087669984941
  "CO2": 0.00017731768037828713
  "HCO": 8.05662306003526e-08
  "CH2O": 0.004004190609909135
  "CH2OH": 2.6751940246848196e-09
  "CH3O": 7.942400520981879e-07
  "CH3OH": 0.00018947405556335665
  "C2H": 4.777699205435004e-14
  "C2H2": 5.940661770559421e-07
  "C2H3": 1.344800481725492e-09
  "C2H4": 0.000318089986357478
  "C2H5": 3.8573813445796463e-07
  "C2H6": 0.0008116419134068634
  "HCCO": 7.269284411022021e-11
  "CH2CO": 5.594752483624548e-06
  "HCCOH": 1.9714380867716932e-10
  "N": 5.7195640458413526e-18
  "NH": 2.8605116595006547e-15
  "NH2": 1.6055828518112414e-16
  "NH3": 4.814487942384537e-16
  "NNH": 9.077740455120077e-12
  "NO": 3.277452443912484e-13
  "NO2": 1.0058286234016168e-12
  "N2O": 5.642506120287464e-09
  "HNO": 3.0366093912017124e-15
  "CN": 1.8983294647205763e-22
  "HCN": 5.178641149993103e-15
  "H2CN": 9.7541516322715e-20
  "HCNN": 3.682273295163007e-16
  "HCNO": 5.4812127089868605e-18
  "HOCN": 3.833000314343616e-19
  "HNCO": 1.2797889101273636e-14
  "NCO": 4.804376863971931e-17
  "N2": 0.7131527642324575
  "C3H7": 4.410371485272047e-09
  "C3H8": 2.073415634203119e-06
  "CH2CHO": 3.080532879712017e-08
  "CH3CHO": 3.50289890083386e-08
  "AR": 0.0
