temperature: 2457.3501919545465
pressure: 101325.00000000009
X:
  "H2": 0.043146337474752335
  "O2": 0.016658085385339978
  "H2O": 0.2664897099723868
  "H": 0.018454298587368027
  "O": 0.0064074134660047685
  "OH": 0.025286311196530957
  "HO2": 3.887692025587988e-06
  "H2O2": 9.153954610679616e-07
  "N2": 0.6235530408301303
