temperature: 2653.793771727571
pressure: 101325.00000000009
X:
  "H2": 0.03239444859783266
  "O2": 0.011540220691422808
  "H2O": 0.2898461026689013
  "H": 0.008515478314595709
  "O": 0.0031513933508205373
  "OH": 0.020827740811684682
  "HO2": 4.1124833385235285e-06
  "H2O2": 3.138906277765239e-07
  "N2": 0.633720189190776
