temperature: 1748.1253896879532
pressure: 1013249.9999999321
X:
  "H": 4.3604519588339596e-05
  "H2": 0.010055315871490084
  "H2NO": 6.556488847836998e-05
  "H2O": 0.12694068470151168
  "H2O2": 1.062870637563256e-06
  "HNNO": 9.556583734027064e-09
  "HNO": 6.891647951915136e-05
  "HNO3": 7.014498008533234e-11
  "HNOH": 5.362487877772227e-06
  "HO2": 3.332977846099337e-05
  "HONO": 9.759478679395848e-08
  "N": 1.0300970776133372e-06
  "N2": 0.6436563507965504
  "N2H2": 0.00022337521639140994
  "N2H3": 6.218851854971902e-07
  "N2H4": 4.2420507136840135e-05
  "N2O": 0.0010928708748239686
  "N2O3": 5.422972678514971e-14
  "N2O4": 1.4224987633668055e-16
  "NH": 3.096613681701528e-05
  "NH2": 0.0016678668263639276
  "NH2OH": 2.4559803508538142e-06
  "NH3": 0.11995586171165788
  "NNH": 1.3678087918703179e-08
  "NO": 0.0013014444585148159
  "NO2": 1.1026401145261617e-05
  "NO3": 5.172678681180417e-11
  "O": 2.0058017333310965e-05
  "O2": 0.09466478424011801
  "O2X": 6.367990550151714e-05
  "O3": 4.194635096057575e-09
  "OH": 5.1220054758874776e-05
  "OHX": 4.625001931408645e-13
  "OX": 1.4622627235198687e-10
  "AR": 0.0
  "HE": 0.0
