temperature: 2599.873961013315
pressure: 1013249.9999999321
X:
  "H": 0.0014487812882159742
  "H2": 0.014260964885214077
  "H2NO": 1.0386822582302122e-09
  "H2O": 0.2891824612754058
  "H2O2": 4.870730711871608e-07
  "HNNO": 2.7056477156262582e-12
  "HNO": 4.234106015720398e-07
  "HNO3": 9.061131641926867e-12
  "HNOH": 1.9591735005149601e-10
  "HO2": 2.7186804062923163e-06
  "HONO": 1.4738323564127533e-07
  "N": 1.8556892192791283e-07
  "N2": 0.6801121026112361
  "N2H2": 1.0002533559569205e-11
  "N2H3": 2.6721929356770975e-15
  "N2H4": 1.3074593351069426e-16
  "N2O": 5.487326805751146e-07
  "N2O3": 5.397350215157273e-14
  "N2O4": 6.584725885365423e-19
  "NH": 6.760768150909483e-08
  "NH2": 5.809702595160061e-08
  "NH2OH": 3.216072359573498e-11
  "NH3": 1.3212937915559448e-07
  "NNH": 2.7591651556834574e-08
  "NO": 0.0033510417554783456
  "NO2": 1.135579630970342e-06
  "NO3": 1.1005013785091425e-12
  "O": 0.0004468501814741797
  "O2": 0.0036888487008626164
  "O2X": 3.381570091561198e-05
  "O3": 3.4055429496736073e-10
  "OH": 0.007469160395624804
  "OHX": 5.616060387989243e-11
  "OX": 3.966488369057009e-08
  "AR": 0.0
  "HE": 0.0
