temperature: 2501.102619100699
pressure: 101324.99999998999
X:
  "C": 6.119954846141005e-15
  "C2": 6.292900761778814e-23
  "C2C4H8": 0.0
  "C2H": 5.686245088497377e-21
  "C2H2": 1.2097623623553304e-19
  "C2H3": 2.4398259171970194e-24
  "C2H3O": 1.4039018795803487e-38
  "C2H4": 7.0485034233243955e-25
  "C2H4O": 3.1907646022965185e-33
  "C2H5": 1.6933081963699705e-29
  "C2H5CHO": 3.900519789112051e-38
  "C2H5CO": 1.4817592728234805e-36
  "C2H5O": 3.904215976503379e-32
  "C2H5O2": 1.326263832622756e-35
  "C2H5O2H": 1.1551944727821225e-36
  "C2H5OH": 2.653320447193171e-31
  "C2H6": 5.767959397973293e-31
  "C2N2": 5.799154210239169e-20
  "C2O": 2.141293401787046e-18
  "C3H2": 5.186237610407087e-35
  "C3H3": 3.352624385119944e-30
  "C3H4": 0.0
  "C3H5": 0.0
  "C3H5O": 4.211191262113494e-40
  "C3H5O2": 0.0
  "C3H5O2H": 4.153190930082684e-45
  "C3H6": 0.0
  "C3H6O": 0.0
  "C3H6OH": 0.0
  "C3H8": 0.0
  "C4H": 4.6835572932152e-39
  "C4H2": 1.4545809386802799e-36
  "C4H4": 3.202654063964217e-42
  "C4H6": 0.0
  "C4H8": 0.0
  "C6H5": 0.0
  "C6H5O": 0.0
  "C6H6": 2.994613078335048e-44
  "CH": 6.729043214435383e-16
  "CH2": 7.651208967998964e-16
  "CH2CHOW": 4.736494956840304e-38
  "CH2CO": 2.9823230972950166e-18
  "CH2HCO": 2.8667460349431634e-23
  "CH2O": 9.873681073865319e-11
  "CH2OH": 6.426390837192152e-16
  "CH3": 1.8587706231439534e-15
  "CH3CHO": 2.7681606068940854e-24
  "CH3CO": 8.768178468665379e-23
  "CH3CO2": 3.2967868657374536e-31
  "CH3CO2H": 6.45499647474021e-26
  "CH3CO3": 2.4913460836492235e-30
  "CH3CO3H": 3.68047905139507e-40
  "CH3HCOW": 9.235825966433827e-34
  "CH3NO": 3.151935669271084e-22
  "CH3O": 3.5696177019109404e-17
  "CH3O2": 8.419976383536314e-22
  "CH3O2H": 1.783022976438639e-23
  "CH3OH": 3.9835003388277244e-16
  "CH4": 3.800576822775598e-16
  "CN": 2.2234889839297177e-12
  "CNN": 9.551774030439383e-15
  "CO": 0.028910996694498106
  "CO2": 0.09099244836899759
  "H": 0.0023263863897720724
  "H2": 0.008477135731194949
  "H2C4O": 4.5632924731740695e-38
  "H2CN": 2.327638310955968e-16
  "H2CNO": 2.679777091879598e-21
  "H2NO": 8.747702098718997e-11
  "H2O": 0.16550231780844468
  "H2O2": 1.398593400640299e-07
  "HCCO": 4.684560776439078e-18
  "HCN": 1.7915621877374803e-10
  "HCNH": 1.1511352771144797e-17
  "HCNN": 1.1548310124201915e-19
  "HCNO": 6.61461769792356e-16
  "HCO": 9.627908284965725e-09
  "HNCN": 6.268859038620331e-17
  "HNCO": 1.0130475023908532e-09
  "HNNO": 2.4628949580280577e-13
  "HNO": 1.437804896218068e-07
  "HNO3": 1.7221030966000341e-12
  "HNOH": 3.8979415008037684e-11
  "HO2": 2.3785101887312193e-06
  "HOCN": 1.4408193078976214e-11
  "HONO": 4.2532055359517464e-08
  "IC3H7": 0.0
  "IC3H7O": 0.0
  "IC3H7O2": 0.0
  "IC3H7O2H": 0.0
  "IC4H3": 4.9020341753396334e-39
  "IC4H5": 3.132622252400651e-47
  "IC4H7": 0.0
  "N": 2.3441616932433133e-07
  "N2": 0.6741499664506029
  "N2H2": 2.2941000042952815e-13
  "N2H3": 3.227301526178128e-17
  "N2H4": 3.3337668901792353e-19
  "N2O": 2.740177264958465e-07
  "N2O3": 8.060106396034812e-15
  "N2O4": 6.611656054803978e-20
  "NC3H7": 0.0
  "NC3H7O": 0.0
  "NC3H7O2": 0.0
  "NC3H7O2H": 0.0
  "NC4H3": 1.3074404197874783e-41
  "NC4H5": 4.0414080443903724e-47
  "NCN": 2.2000330003682817e-16
  "NCO": 1.9703793867123963e-10
  "NH": 2.7269666646243782e-08
  "NH2": 6.90386861764104e-09
  "NH2OH": 7.401789778514589e-13
  "NH3": 6.154631882627376e-09
  "NNH": 4.8047028067404e-09
  "NO": 0.004894082756763347
  "NO2": 1.1126023388173795e-06
  "NO3": 7.068368800060724e-13
  "O": 0.0017003856324391412
  "O2": 0.013619743110866302
  "O2C3H6OH": 0.0
  "OH": 0.009422154942593212
  "PC2H5O": 1.390910584285093e-31
  "PC3H4": 0.0
  "SC2H5O": 4.152718167880837e-31
  "SC3H5": 4.184883850605055e-34
  "SCH2": 6.4843610601879e-17
  "T2C4H8": 0.0
  "TC3H5": 0.0
  "AR": 0.0
