temperature: 2027.1176152091205
pressure: 101324.99999995205
X:
  "C": 1.9978326466740885e-14
  "C2": 2.1655904686865784e-18
  "C2C4H8": 0.0
  "C2H": 1.0693880341460315e-16
  "C2H2": 0.0
  "C2H3": 4.6307848390619044e-17
  "C2H3O": 0.0
  "C2H4": 0.0
  "C2H4O": 0.0
  "C2H5": 0.0
  "C2H5CHO": 0.0
  "C2H5CO": 0.0
  "C2H5O": 0.0
  "C2H5O2": 0.0
  "C2H5O2H": 0.0
  "C2H5OH": 0.0
  "C2H6": 0.0
  "C2N2": 3.9446596796661873e-17
  "C2O": 2.6206948974964493e-18
  "C3H2": 0.0
  "C3H3": 0.0
  "C3H4": 0.0
  "C3H5": 2.687016027919803e-19
  "C3H5O": 1.4481261627299279e-28
  "C3H5O2": 4.809617093916819e-26
  "C3H5O2H": 1.321787595223954e-32
  "C3H6": 0.0
  "C3H6O": 0.0
  "C3H6OH": 0.0
  "C3H8": 0.0
  "C4H": 0.0
  "C4H2": 0.0
  "C4H4": 0.0
  "C4H6": 2.3882371640643314e-25
  "C4H8": 8.795437954928403e-31
  "C6H5": 1.8337115172172664e-24
  "C6H5O": 0.0
  "C6H6": 9.373520822250331e-17
  "CH": 2.8761465001032684e-15
  "CH2": 1.3125532974691998e-14
  "CH2CHOW": 0.0
  "CH2CO": 2.7959540497272744e-17
  "CH2HCO": 3.614643642684468e-21
  "CH2O": 2.719575232420032e-10
  "CH2OH": 2.6654932868292295e-14
  "CH3": 3.3810587063319036e-14
  "CH3CHO": 0.0
  "CH3CO": 0.0
  "CH3CO2": 1.3778471005333076e-29
  "CH3CO2H": 9.026584562215617e-25
  "CH3CO3": 0.0
  "CH3CO3H": 0.0
  "CH3HCOW": 0.0
  "CH3NO": 8.125275583815016e-23
  "CH3O": 1.0954805148550453e-15
  "CH3O2": 9.518312031682947e-20
  "CH3O2H": 7.010052239707063e-21
  "CH3OH": 2.333130499612892e-15
  "CH4": 2.9386357845013957e-15
  "CN": 8.50851988786537e-11
  "CNN": 1.2664650107702276e-15
  "CO": 0.0556023778704092
  "CO2": 0.05998496139872207
  "H": 0.017789653570291244
  "H2": 0.01834053375278758
  "H2C4O": 0.0
  "H2CN": 1.7919151299094117e-13
  "H2CNO": 1.5170954514945246e-21
  "H2NO": 3.2233374659396927e-13
  "H2O": 0.13912483282052318
  "H2O2": 3.418336333950292e-06
  "HCCO": 5.1801969843015806e-17
  "HCN": 1.0090197267684581e-08
  "HCNH": 5.8983187696891945e-15
  "HCNN": 1.5049747476866946e-18
  "HCNO": 6.769783946757416e-14
  "HCO": 1.976423377388018e-07
  "HNCN": 1.3033645238626296e-17
  "HNCO": 3.910247870201358e-10
  "HNNO": 1.857478979278082e-12
  "HNO": 2.7800137452708175e-09
  "HNO3": 2.0327583415745458e-14
  "HNOH": 1.7025254896449007e-13
  "HO2": 4.726905172495259e-06
  "HOCN": 2.5807051850675405e-11
  "HONO": 1.3954609561014332e-09
  "IC3H7": 0.0
  "IC3H7O": 0.0
  "IC3H7O2": 0.0
  "IC3H7O2H": 0.0
  "IC4H3": 0.0
  "IC4H5": 0.0
  "IC4H7": 1.9266680009377262e-27
  "N": 3.075794091412916e-08
  "N2": 0.6522376973911639
  "N2H2": 6.696369287804318e-11
  "N2H3": 3.475301370838531e-13
  "N2H4": 3.7951023572816475e-16
  "N2O": 1.642574935911883e-07
  "N2O3": 1.0293950792758772e-17
  "N2O4": 4.07882622836994e-25
  "NC3H7": 0.0
  "NC3H7O": 0.0
  "NC3H7O2": 0.0
  "NC3H7O2H": 0.0
  "NC4H3": 0.0
  "NC4H5": 6.291629482579276e-22
  "NCN": 2.5051260500467634e-17
  "NCO": 2.209543376409819e-10
  "NH": 1.0288239236989266e-08
  "NH2": 5.547243198187496e-10
  "NH2OH": 1.6105945394958557e-12
  "NH3": 1.6752249271616248e-10
  "NNH": 2.779963209823209e-08
  "NO": 1.2204886865575031e-05
  "NO2": 9.979798773806918e-10
  "NO3": 1.4009802638515873e-14
  "O": 0.0099374307955771
  "O2": 0.03293127348052943
  "O2C3H6OH": 0.0
  "OH": 0.014030440993588347
  "PC2H5O": 0.0
  "PC3H4": 2.0488990512515535e-18
  "SC2H5O": 0.0
  "SC3H5": 0.0
  "SCH2": 1.180919087504572e-15
  "T2C4H8": 0.0
  "TC3H5": 0.0
  "AR": 0.0
